AGS;turnout;elec_cdu_csu;elec_spd;elec_greens;elec_fdp;elec_linke;elec_afd;elec_others
1001;56.300;17.328;14.402;37.054;5.044;5.960;6.285;13.925
1002;58.900;16.796;16.429;36.988;4.834;5.960;5.925;13.068
1003;54.600;20.353;19.413;31.644;4.613;4.676;7.485;11.816
1004;48.200;24.437;18.351;27.110;5.343;3.614;9.585;11.560
1051;54.400;31.081;17.819;20.982;7.786;3.466;8.865;10.002
1053;60.200;27.289;17.461;25.799;6.325;3.470;9.152;10.504
1054;58.900;30.372;16.280;29.253;5.742;3.173;5.665;9.516
1055;58.400;29.292;19.053;25.402;6.157;2.941;8.076;9.079
1056;63.000;26.134;17.366;28.901;6.323;3.661;7.804;9.811
1057;63.700;27.293;17.568;29.769;5.441;3.108;7.287;9.534
1058;62.500;28.667;16.634;29.308;5.554;3.108;6.778;9.951
1059;59.800;29.004;16.162;30.437;4.993;3.291;6.011;10.101
1060;59.500;27.085;16.774;26.933;6.713;3.654;8.183;10.658
1061;57.700;28.752;16.381;26.864;6.125;3.591;7.776;10.511
1062;65.400;26.779;16.216;29.363;6.885;3.368;7.958;9.430
2000;61.900;17.700;19.818;31.104;5.569;6.953;6.485;12.371
3101;64.200;22.590;19.905;28.046;5.164;4.739;6.848;12.707
3102;51.200;25.170;25.683;14.774;4.177;4.777;14.988;10.431
3103;56.500;28.952;24.080;17.916;4.957;3.617;10.197;10.280
3151;60.800;31.634;21.100;19.131;4.793;3.195;9.781;10.365
3152;;;;;;;;
3153;58.400;28.769;24.421;17.237;4.892;3.925;10.272;10.484
3154;58.400;30.692;24.781;16.227;4.952;3.465;9.180;10.703
3155;56.100;27.943;27.388;19.010;4.932;3.217;8.129;9.381
3156;;;;;;;;
3157;62.000;26.649;26.141;19.296;4.596;3.496;9.309;10.513
3158;64.400;27.619;23.309;21.214;4.946;3.543;8.938;10.432
3159;60.300;25.607;22.302;25.277;4.516;4.378;6.784;11.137
3241;64.000;24.624;20.849;26.154;4.898;4.462;8.080;10.933
3251;62.200;32.206;20.207;21.481;6.288;3.375;7.500;8.943
3252;58.400;28.431;23.330;20.595;4.709;3.863;9.844;9.228
3254;62.400;27.973;23.085;22.686;4.486;3.726;8.361;9.683
3255;59.900;29.921;28.179;16.625;5.741;2.789;8.328;8.418
3256;56.700;32.681;21.714;20.226;4.800;3.114;8.647;8.818
3257;58.700;27.660;24.084;21.758;4.455;3.163;9.015;9.866
3351;60.200;32.356;18.050;19.833;5.595;3.247;10.928;9.992
3352;61.800;37.691;20.561;18.020;3.822;3.374;8.083;8.449
3353;66.500;28.819;16.287;26.233;6.007;3.359;8.598;10.698
3354;59.000;26.917;17.066;28.586;3.906;5.532;7.454;10.540
3355;66.900;24.924;18.575;28.550;4.132;4.782;7.549;11.488
3356;62.600;28.459;20.536;24.336;4.776;4.802;8.051;9.040
3357;62.200;35.306;18.096;21.544;5.280;3.304;7.272;9.199
3358;59.200;31.141;22.202;20.108;5.072;3.108;9.018;9.352
3359;62.300;31.571;18.967;22.796;4.836;3.522;8.457;9.849
3360;61.700;32.826;19.967;20.693;5.114;3.376;8.795;9.230
3361;64.200;30.468;20.897;23.558;4.636;3.546;7.759;9.136
3401;52.600;24.922;22.145;20.125;4.780;4.886;11.856;11.287
3402;60.300;18.552;28.994;21.600;4.882;5.679;9.453;10.840
3403;64.900;19.108;17.201;35.722;4.634;6.435;5.223;11.676
3404;64.100;23.676;17.727;33.265;4.775;5.308;4.798;10.451
3405;53.400;26.062;25.964;19.655;4.387;3.774;9.261;10.898
3451;64.800;30.498;19.741;23.538;5.998;3.446;7.038;9.742
3452;60.200;24.303;28.567;19.416;4.814;3.803;9.099;9.997
3453;55.000;47.763;13.480;15.613;5.535;2.733;7.458;7.417
3454;62.800;49.230;14.765;16.418;5.092;2.420;5.443;6.631
3455;62.100;27.714;25.155;20.578;5.327;3.411;7.748;10.068
3456;67.100;39.015;23.699;18.471;4.688;2.639;4.726;6.762
3457;55.800;26.995;25.604;20.015;4.650;3.690;9.038;10.008
3458;62.900;28.472;18.056;25.294;6.838;3.671;7.765;9.904
3459;62.700;36.109;19.880;22.453;4.975;3.116;5.621;7.845
3460;64.300;48.928;11.852;18.162;5.768;2.352;6.067;6.871
3461;54.500;27.988;23.437;21.647;5.292;3.840;7.895;9.902
3462;53.000;31.792;23.158;18.803;4.995;3.093;8.759;9.400
4011;65.200;21.962;24.184;23.451;4.617;7.979;7.152;10.656
4012;52.100;21.645;26.287;18.156;5.135;6.801;10.911;11.065
5111;63.500;24.676;15.236;29.187;8.471;4.809;6.907;10.713
5112;50.100;19.900;24.519;19.545;5.236;5.777;11.999;13.026
5113;59.200;23.422;20.935;22.769;6.442;4.625;10.763;11.044
5114;57.900;26.761;18.277;24.493;7.562;4.713;7.785;10.410
5116;54.800;29.892;16.088;22.719;7.048;4.409;8.663;11.182
5117;62.600;23.889;21.189;22.970;7.614;4.234;9.656;10.448
5119;55.000;22.048;24.889;18.692;5.285;5.008;12.200;11.878
5120;56.400;27.277;19.272;21.444;6.816;4.440;9.890;10.861
5122;57.400;25.716;17.621;24.725;7.203;4.814;9.144;10.777
5124;58.800;22.319;18.602;25.393;6.250;6.140;9.770;11.525
5154;60.300;35.903;17.043;21.723;7.102;3.239;6.403;8.586
5158;63.800;28.857;17.342;23.280;7.953;3.532;8.858;10.178
5162;63.100;32.424;16.284;21.672;8.673;3.197;8.011;9.738
5166;62.100;32.757;15.973;23.630;7.870;3.415;7.033;9.323
5170;61.300;27.263;22.490;20.695;6.572;4.305;9.071;9.604
5314;69.500;23.027;15.425;31.931;7.031;4.868;5.974;11.744
5315;64.600;19.792;16.974;32.877;6.240;6.124;6.170;11.822
5316;60.000;26.109;19.943;22.695;6.671;4.269;9.415;10.897
5334;61.400;26.704;19.867;24.620;6.026;4.444;6.901;11.439
5354;;;;;;;;
5358;60.400;32.402;20.057;17.130;7.105;3.562;9.676;10.069
5362;63.800;28.741;19.944;20.988;7.753;3.450;9.280;9.845
5366;61.300;33.785;16.422;18.392;8.491;3.373;9.655;9.883
5370;58.900;35.797;16.657;19.075;6.417;3.679;8.402;9.971
5374;61.000;31.717;17.543;20.749;6.992;3.585;9.232;10.182
5378;68.000;29.995;16.283;26.156;7.898;3.401;7.219;9.048
5382;65.900;30.091;16.237;24.200;7.530;3.579;8.124;10.239
5512;59.400;24.288;24.838;17.312;5.832;4.127;12.329;11.273
5513;51.300;19.625;25.669;15.628;5.218;4.592;16.428;12.840
5515;73.700;24.404;14.366;36.588;5.690;4.978;4.000;9.974
5554;65.000;41.539;16.128;20.634;6.817;2.529;5.419;6.935
5558;69.300;38.245;15.400;24.128;6.592;2.848;5.454;7.332
5562;58.300;25.650;23.590;18.603;5.873;4.038;11.460;10.787
5566;64.900;34.427;19.712;23.317;6.028;3.411;5.609;7.496
5570;65.000;35.558;17.773;22.086;6.691;3.202;6.691;7.999
5711;63.800;21.703;18.814;28.150;5.492;6.557;7.654;11.631
5754;62.300;32.160;16.892;24.256;6.353;3.444;7.672;9.224
5758;59.300;25.926;22.886;21.552;5.751;4.015;9.928;9.942
5762;62.200;39.908;16.479;16.953;6.469;3.161;8.215;8.815
5766;61.300;25.805;22.108;21.424;6.566;3.795;9.642;10.661
5770;59.100;27.441;23.483;20.588;6.183;3.598;9.102;9.605
5774;60.300;35.871;13.771;22.678;6.650;3.576;8.049;9.405
5911;61.100;19.819;23.007;24.384;5.585;5.676;9.483;12.047
5913;58.500;19.270;22.880;24.951;5.931;5.603;9.190;12.176
5914;55.700;24.151;22.312;18.321;6.446;4.373;12.598;11.799
5915;57.700;27.111;23.061;19.243;5.810;4.113;10.903;9.759
5916;53.700;20.041;26.762;17.477;5.093;5.059;13.240;12.328
5954;62.000;23.080;22.993;23.570;6.474;4.072;9.175;10.636
5958;62.100;41.592;17.171;15.998;6.778;2.845;7.409;8.208
5962;56.300;31.311;19.464;18.026;7.105;3.713;10.073;10.307
5966;63.500;46.012;15.446;14.669;6.810;2.508;7.334;7.221
5970;61.500;29.176;20.535;17.660;6.695;4.420;10.406;11.108
5974;60.500;33.447;17.930;21.070;7.024;3.582;8.113;8.834
5978;59.600;23.929;25.299;20.873;5.906;4.110;9.816;10.067
6411;66.100;16.289;15.178;33.639;5.659;7.121;6.468;15.645
6412;60.100;19.662;15.074;31.285;7.743;6.535;6.740;12.962
6413;51.500;20.372;16.265;25.824;5.536;7.282;10.114;14.607
6414;59.000;24.604;18.169;25.357;6.902;4.786;8.784;11.398
6431;60.500;28.540;17.289;21.801;6.818;3.322;11.236;10.994
6432;63.300;24.479;19.576;24.283;6.171;4.102;9.282;12.106
6433;57.300;23.840;20.030;22.822;5.349;4.559;10.469;12.930
6434;65.100;30.257;13.449;25.616;9.340;3.021;8.613;9.703
6435;56.200;26.316;17.878;20.886;6.179;3.730;12.466;12.544
6436;64.100;30.007;14.436;24.932;8.044;3.231;8.986;10.363
6437;56.300;26.661;21.959;17.723;6.448;4.366;11.595;11.247
6438;59.800;27.783;14.950;24.542;7.139;3.691;10.065;11.829
6439;64.700;29.533;17.109;23.085;7.037;3.297;9.761;10.177
6440;58.500;26.964;17.354;22.982;6.565;3.540;10.529;12.067
6531;57.500;23.279;18.423;24.934;5.305;5.053;9.672;13.334
6532;52.500;28.906;20.241;17.837;5.495;3.447;12.011;12.063
6533;55.300;32.108;18.436;18.343;6.400;3.034;11.089;10.590
6534;56.900;24.342;19.989;23.590;5.087;5.910;9.292;11.791
6535;56.400;29.195;21.044;16.585;6.177;3.527;12.386;11.085
6611;55.300;17.395;19.311;30.817;4.576;8.039;7.465;12.398
6631;57.100;38.303;11.357;17.573;6.502;3.014;12.816;10.435
6632;55.200;26.055;27.053;15.086;5.266;3.522;13.247;9.770
6633;56.500;22.892;28.613;20.287;5.089;4.011;9.538;9.570
6634;56.000;23.396;26.388;18.752;5.817;3.243;11.067;11.338
6635;52.200;29.078;21.980;19.309;6.740;3.243;10.189;9.461
6636;55.600;25.341;26.299;17.559;5.123;4.178;10.643;10.855
7111;60.800;28.923;17.878;23.980;5.631;3.956;7.402;12.230
7131;65.900;37.144;16.359;18.119;6.847;2.596;7.934;11.001
7132;60.800;35.233;21.859;13.594;6.161;3.092;9.710;10.351
7133;63.800;29.899;23.723;15.773;6.413;3.104;10.237;10.851
7134;58.600;30.521;26.687;11.579;6.616;3.195;10.833;10.568
7135;68.800;42.557;18.804;12.625;6.442;2.191;7.653;9.728
7137;62.200;36.042;20.496;16.191;5.842;2.529;8.511;10.390
7138;61.900;32.978;21.194;16.676;6.061;3.087;9.131;10.873
7140;68.200;34.628;21.977;13.948;6.952;2.878;8.828;10.788
7141;65.800;28.556;25.294;15.509;5.882;2.921;9.420;12.418
7143;65.300;36.784;18.631;14.544;6.513;2.861;9.523;11.144
7211;60.300;23.745;22.550;25.672;5.031;5.065;6.712;11.225
7231;65.100;37.128;21.072;13.448;6.729;2.775;7.651;11.198
7232;69.300;38.453;21.370;13.976;5.883;2.564;6.872;10.883
7233;64.100;41.584;19.507;12.953;6.299;2.865;7.246;9.546
7235;70.200;34.065;26.600;14.810;4.501;2.781;6.912;10.330
7311;57.100;32.025;19.556;15.309;5.296;3.530;13.544;10.741
7312;54.600;22.414;21.483;19.690;5.589;4.348;12.027;14.449
7313;66.500;25.478;17.295;27.775;4.603;4.162;7.885;12.802
7314;54.100;23.816;23.412;16.568;5.032;3.965;14.163;13.044
7315;68.200;23.022;17.777;29.115;5.348;4.460;5.877;14.401
7316;65.300;29.833;16.908;20.405;5.931;2.536;9.958;14.428
7317;49.800;32.840;22.261;9.390;5.173;3.433;14.909;11.994
7318;60.600;26.954;20.910;22.073;4.794;3.700;10.510;11.059
7319;55.400;28.041;23.107;16.746;5.088;2.811;12.451;11.756
7320;52.700;26.707;26.217;13.832;4.653;4.015;11.747;12.830
7331;67.900;26.707;24.146;15.183;6.274;2.569;12.495;12.625
7332;69.900;29.782;20.409;16.496;6.369;2.431;11.390;13.124
7333;66.400;25.650;25.437;12.979;5.753;3.025;12.497;14.658
7334;65.700;31.842;19.126;13.993;5.955;2.512;14.242;12.330
7335;67.400;30.757;22.883;11.925;4.453;3.106;12.928;13.948
7336;66.600;25.559;27.880;11.108;4.370;3.502;13.577;14.004
7337;71.500;33.696;18.921;16.503;5.517;2.411;10.708;12.244
7338;68.900;31.260;20.175;16.531;6.097;2.385;11.989;11.565
7339;70.700;29.208;21.192;20.443;6.130;2.939;8.390;11.699
7340;71.100;35.192;20.586;9.885;5.877;2.495;12.454;13.512
8111;67.100;23.834;13.519;28.393;8.188;5.095;7.452;13.518
8115;66.200;31.315;12.950;21.771;7.892;2.632;10.252;13.189
8116;66.200;29.848;13.694;23.153;7.217;2.974;9.626;13.487
8117;62.700;30.468;13.918;20.410;6.941;2.440;12.513;13.312
8118;66.800;29.547;13.776;22.536;7.265;3.062;9.920;13.894
8119;64.900;30.391;13.531;19.675;8.372;2.841;11.510;13.679
8121;55.500;26.688;16.413;20.560;7.867;3.893;13.022;11.557
8125;64.000;30.529;14.360;18.552;7.664;2.545;12.888;13.460
8126;62.800;33.456;12.876;19.451;8.386;2.474;11.918;11.439
8127;60.600;30.711;14.035;21.403;7.513;2.899;11.439;12.000
8128;66.200;39.679;13.161;17.328;5.313;2.369;10.754;11.396
8135;58.300;34.759;15.572;20.065;4.628;2.933;10.221;11.822
8136;63.000;38.321;13.319;19.680;5.428;2.849;9.980;10.421
8211;61.700;31.996;12.323;25.753;7.584;2.611;9.550;10.182
8212;64.600;21.092;13.563;31.650;6.230;5.043;8.047;14.375
8215;64.900;32.697;13.889;20.574;6.308;2.550;11.261;12.721
8216;62.000;33.531;13.700;20.635;5.714;2.427;11.611;12.381
8221;70.100;18.617;14.854;36.244;6.152;5.423;6.159;12.550
8222;58.300;21.686;18.192;26.120;6.308;4.651;10.675;12.368
8225;63.700;38.132;14.710;15.632;5.535;2.380;11.795;11.816
8226;65.900;28.839;15.812;22.856;6.431;3.081;10.741;12.239
8231;53.200;26.907;13.923;17.625;7.604;3.616;17.653;12.673
8235;63.400;34.964;11.721;17.669;7.259;2.442;13.398;12.546
8236;65.600;29.839;13.835;19.854;7.854;2.201;12.965;13.451
8237;61.400;35.969;11.346;17.104;9.176;2.316;12.684;11.406
8311;67.400;16.242;13.881;38.543;4.336;6.634;5.300;15.065
8315;67.300;31.012;13.447;27.511;6.055;2.798;7.578;11.600
8316;65.500;29.614;15.068;25.438;5.897;2.790;8.168;13.025
8317;60.900;34.392;13.040;22.722;5.422;2.304;9.999;12.120
8325;61.700;37.288;11.122;17.201;7.623;2.027;11.587;13.151
8326;58.500;36.543;11.564;21.023;7.168;2.298;9.849;11.556
8327;60.600;37.967;10.353;18.294;8.052;2.216;10.880;12.238
8335;63.300;29.361;11.808;28.351;6.694;3.415;8.019;12.351
8336;60.400;27.738;15.605;25.493;6.324;3.182;9.022;12.636
8337;61.700;35.683;12.304;22.993;5.869;2.424;9.004;11.723
8415;62.000;30.447;12.705;22.451;9.834;3.019;10.731;10.813
8416;69.800;24.394;13.442;31.602;5.901;5.306;7.328;12.028
8417;59.400;35.559;11.504;17.858;7.959;2.505;12.611;12.004
8421;64.000;25.234;14.148;30.709;6.155;3.549;7.173;13.033
8425;67.000;39.172;10.906;20.395;5.887;1.923;9.922;11.795
8426;64.300;40.391;8.914;20.533;5.903;1.910;9.310;13.038
8435;66.700;32.902;11.157;25.752;6.835;2.628;8.614;12.113
8436;64.100;35.460;9.399;25.644;5.636;2.549;7.571;13.741
8437;63.200;40.920;8.830;20.515;6.103;1.988;10.222;11.423
9161;53.000;37.784;8.754;18.884;4.510;2.845;10.803;16.421
9162;65.400;26.943;11.447;31.202;5.298;3.168;5.984;15.957
9163;57.300;35.846;9.414;21.913;3.728;2.431;9.473;17.196
9171;55.800;49.581;7.771;13.963;2.492;1.860;8.771;15.563
9172;57.800;46.941;7.340;16.574;2.549;1.958;8.779;15.859
9173;63.400;42.691;7.092;19.671;3.571;2.053;7.729;17.191
9174;65.100;40.567;7.888;18.738;3.593;1.665;8.403;19.146
9175;68.700;39.002;8.580;22.798;4.124;1.872;6.969;16.654
9176;63.600;48.454;7.742;12.372;2.666;1.620;9.679;17.467
9177;63.300;41.486;6.524;17.689;3.197;1.913;9.188;20.003
9178;63.700;36.358;7.422;21.650;3.540;2.261;8.296;20.472
9179;67.400;37.526;9.395;22.635;3.960;2.016;7.378;17.091
9180;63.100;46.670;6.086;16.426;3.433;1.593;8.551;17.242
9181;66.500;38.515;7.244;23.937;3.517;2.107;7.274;17.406
9182;65.100;45.003;7.195;17.843;3.994;1.573;7.411;16.980
9183;57.000;48.395;5.838;13.072;2.663;1.735;10.273;18.024
9184;70.700;37.603;10.002;23.776;5.154;1.793;6.690;14.982
9185;55.500;49.389;6.087;12.474;2.413;1.603;9.201;18.834
9186;59.700;44.813;7.376;14.772;3.215;1.701;10.331;17.792
9187;63.100;43.631;7.116;18.465;3.309;1.639;8.339;17.502
9188;71.900;37.197;8.610;25.870;5.786;1.757;6.441;14.339
9189;59.400;45.260;7.651;18.587;2.560;1.960;7.552;16.430
9190;63.900;40.988;8.061;18.280;3.045;2.107;7.410;20.109
9261;58.500;41.140;7.512;19.729;3.965;2.551;8.883;16.221
9262;58.700;41.529;8.621;20.187;3.596;2.740;8.139;15.189
9263;50.100;50.895;6.646;11.630;2.395;2.407;11.701;14.325
9271;51.200;53.837;6.186;9.910;2.260;1.564;11.404;14.840
9272;49.700;57.249;5.822;7.731;1.805;1.416;11.464;14.514
9273;60.000;56.408;5.944;10.419;1.940;1.536;8.928;14.825
9274;61.600;50.695;5.426;11.830;2.576;1.486;9.771;18.217
9275;52.900;54.327;6.952;9.710;2.237;1.617;10.574;14.583
9276;47.600;54.738;6.628;7.808;1.953;1.559;13.344;13.971
9277;54.400;55.811;5.503;10.281;2.192;1.510;9.327;15.376
9278;58.800;58.715;4.440;7.883;1.773;1.224;10.570;15.395
9279;54.400;55.087;6.023;8.223;2.352;1.437;11.327;15.551
9361;52.200;39.670;12.455;15.970;2.867;2.885;10.936;15.216
9362;60.600;32.018;8.699;27.353;3.589;3.589;7.123;17.629
9363;52.300;40.676;13.053;14.846;3.414;2.977;10.719;14.315
9371;60.300;44.374;11.924;11.831;2.305;1.940;9.556;18.070
9372;53.200;53.032;5.175;8.295;1.646;1.417;12.091;18.345
9373;63.000;50.522;6.154;13.861;2.282;1.992;8.467;16.721
9374;58.700;48.317;11.714;9.894;2.224;1.746;9.851;16.255
9375;62.500;46.761;7.070;14.021;2.296;1.804;9.592;18.457
9376;55.600;47.657;9.919;9.590;2.048;1.945;11.681;17.160
9377;58.800;52.325;9.744;9.275;1.930;1.585;8.430;16.711
9461;60.400;30.313;9.647;28.448;3.553;4.090;7.818;16.132
9462;56.600;32.955;11.877;23.612;5.309;2.888;7.510;15.849
9463;56.500;33.354;14.103;22.849;3.833;3.271;7.599;14.991
9464;49.900;37.883;14.287;14.506;3.602;2.951;11.719;15.053
9471;60.500;45.265;8.029;13.531;3.266;1.838;11.303;16.769
9472;59.800;45.691;11.153;13.603;2.552;1.808;8.484;16.708
9473;57.300;41.425;14.544;14.102;2.735;2.096;8.911;16.188
9474;63.800;42.211;9.019;17.264;3.149;2.169;8.605;17.583
9475;56.900;43.070;14.991;10.867;2.622;1.971;10.379;16.100
9476;56.700;47.599;14.967;10.033;2.192;1.943;9.334;13.933
9477;57.400;42.159;13.235;14.195;2.651;2.002;9.543;16.215
9478;57.700;47.470;10.003;12.492;2.412;1.855;9.912;15.856
9479;54.600;41.762;15.443;11.199;2.502;2.188;10.873;16.033
9561;54.000;33.932;11.479;20.535;3.059;3.691;10.216;17.088
9562;66.500;27.490;12.100;28.918;4.183;4.183;5.914;17.212
9563;56.500;27.960;14.124;24.808;3.461;4.915;8.882;15.850
9564;58.700;30.193;12.928;24.153;3.420;4.809;8.802;15.695
9565;59.700;35.973;12.312;22.592;3.263;2.910;8.439;14.511
9571;59.100;43.290;9.052;16.492;2.714;2.509;8.399;17.543
9572;66.500;37.635;11.075;22.134;3.467;2.407;7.679;15.602
9573;64.800;37.344;12.300;20.360;2.997;2.621;9.366;15.011
9574;65.300;38.251;11.512;20.050;2.695;2.641;8.365;16.485
9575;61.200;42.679;9.557;16.178;2.802;2.493;8.014;18.277
9576;63.100;42.049;10.151;17.911;2.698;2.276;8.528;16.387
9577;58.600;45.221;10.036;16.298;2.280;2.204;7.614;16.348
9661;56.500;32.838;11.363;23.281;4.462;3.659;8.949;15.448
9662;48.500;35.529;13.960;16.794;3.368;4.785;11.548;14.016
9663;63.200;28.972;10.442;31.228;4.544;3.898;5.920;14.996
9671;62.400;39.392;11.241;18.606;4.110;2.303;9.040;15.308
9672;60.100;48.501;8.449;13.757;3.021;2.528;9.062;14.683
9673;59.400;49.562;7.955;14.990;2.878;2.440;7.560;14.614
9674;60.800;45.973;10.248;12.828;2.760;2.370;9.370;16.451
9675;61.600;41.793;9.870;16.254;3.159;2.246;8.096;18.582
9676;59.700;41.339;11.249;16.722;3.542;2.381;8.209;16.558
9677;63.200;44.221;11.132;16.292;2.671;1.987;7.823;15.874
9678;62.500;46.174;9.536;15.110;3.042;2.373;8.848;14.918
9679;68.100;41.359;11.223;20.524;3.563;2.131;6.935;14.265
9761;55.600;30.714;10.098;25.631;3.641;3.876;8.940;17.099
9762;52.400;38.148;8.670;20.516;3.097;3.372;10.218;15.980
9763;56.300;32.981;8.498;21.955;4.231;2.941;9.299;20.095
9764;57.400;37.104;10.475;17.398;3.688;2.683;10.011;18.641
9771;63.200;45.051;7.189;16.599;3.135;1.540;9.484;17.003
9772;60.300;41.838;7.925;17.776;3.178;1.834;9.282;18.167
9773;54.700;45.996;7.209;13.477;3.064;1.518;11.238;17.499
9774;54.200;45.190;7.144;14.184;3.132;1.814;10.910;17.626
9775;55.900;38.384;9.595;19.365;4.279;2.321;10.080;15.976
9776;61.800;37.481;8.167;23.946;3.534;2.769;6.630;17.472
9777;61.500;44.903;6.446;17.752;2.790;1.969;7.354;18.787
9778;58.900;44.670;5.961;14.575;3.170;1.721;10.015;19.889
9779;59.000;50.482;8.077;13.779;2.538;1.659;8.174;15.291
9780;64.300;41.145;6.058;18.875;2.993;1.634;7.150;22.145
10041;61.500;28.326;22.585;15.980;3.930;6.792;9.246;13.142
10042;69.700;36.896;22.547;11.666;3.871;5.542;8.887;10.592
10043;65.100;32.227;25.401;10.796;3.489;6.335;10.644;11.109
10044;67.400;33.602;23.706;11.830;3.584;5.975;9.709;11.593
10045;69.400;31.127;21.311;14.321;4.016;5.516;11.066;12.643
10046;74.400;39.553;23.589;10.884;2.941;4.316;7.957;10.760
11000;60.600;15.216;14.046;27.822;4.748;11.938;9.897;16.334
12051;48.700;19.575;17.765;13.788;3.658;11.631;17.418;16.165
12052;57.300;16.207;15.932;9.769;4.922;12.588;24.633;15.950
12053;51.100;16.856;13.990;11.195;4.301;18.446;20.746;14.467
12054;63.900;12.546;17.802;23.159;4.323;14.614;10.896;16.660
12060;58.600;16.492;15.174;12.343;3.767;14.953;19.690;17.580
12061;63.100;17.886;16.756;12.021;4.405;11.694;20.716;16.522
12062;60.200;22.577;15.835;6.076;4.577;10.308;24.712;15.915
12063;59.500;19.676;17.564;15.299;4.711;9.921;17.911;14.919
12064;59.500;16.165;15.547;10.948;4.416;15.381;21.135;16.408
12065;61.200;18.657;17.704;13.840;4.543;10.949;18.705;15.602
12066;56.800;19.147;17.353;5.742;4.269;11.543;26.456;15.489
12067;59.100;16.188;16.378;9.816;4.466;13.384;22.304;17.464
12068;53.500;20.422;20.493;11.059;3.619;12.687;18.017;13.703
12069;65.900;19.423;18.698;17.091;5.139;10.193;14.705;14.753
12070;55.800;21.167;21.219;8.218;4.421;11.666;19.145;14.164
12071;61.400;18.043;15.608;6.338;4.818;10.259;30.880;14.054
12072;60.000;17.751;17.847;12.465;4.363;11.384;19.281;16.908
12073;54.500;20.773;19.095;8.103;3.460;13.089;20.810;14.669
13001;;;;;;;;
13002;;;;;;;;
13003;60.100;17.324;16.689;17.689;3.593;16.802;12.391;15.511
13004;59.000;19.525;18.557;13.853;4.158;14.911;15.769;13.227
13005;;;;;;;;
13006;;;;;;;;
13051;;;;;;;;
13052;;;;;;;;
13053;;;;;;;;
13054;;;;;;;;
13055;;;;;;;;
13056;;;;;;;;
13057;;;;;;;;
13058;;;;;;;;
13059;;;;;;;;
13060;;;;;;;;
13061;;;;;;;;
13062;;;;;;;;
13071;55.100;26.169;13.936;8.259;3.816;15.487;19.574;12.758
13072;61.200;26.373;15.893;10.195;4.019;12.836;17.207;13.477
13073;55.500;29.123;11.668;9.382;3.836;13.367;19.561;13.063
13074;60.300;22.849;19.774;12.160;3.736;12.929;15.831;12.721
13075;57.700;25.806;12.113;9.113;3.889;12.098;21.748;15.232
13076;60.500;25.335;19.111;8.372;4.104;13.284;17.126;12.668
14161;;;;;;;;
14166;;;;;;;;
14167;;;;;;;;
14171;;;;;;;;
14173;;;;;;;;
14177;;;;;;;;
14178;;;;;;;;
14181;;;;;;;;
14182;;;;;;;;
14188;;;;;;;;
14191;;;;;;;;
14193;;;;;;;;
14262;;;;;;;;
14263;;;;;;;;
14264;;;;;;;;
14272;;;;;;;;
14280;;;;;;;;
14284;;;;;;;;
14285;;;;;;;;
14286;;;;;;;;
14287;;;;;;;;
14290;;;;;;;;
14292;;;;;;;;
14365;;;;;;;;
14374;;;;;;;;
14375;;;;;;;;
14379;;;;;;;;
14383;;;;;;;;
14389;;;;;;;;
14511;62.400;20.065;10.352;11.195;5.156;13.883;23.521;15.828
14521;64.300;27.404;7.681;5.315;4.474;10.645;28.084;16.396
14522;64.200;26.663;7.887;6.249;4.662;10.618;28.451;15.469
14523;61.100;26.367;9.905;7.225;4.851;12.165;23.878;15.609
14524;60.400;26.191;9.096;7.177;5.002;12.081;24.120;16.333
14612;68.600;18.694;8.421;17.667;5.039;12.452;19.761;17.966
14625;65.200;24.810;6.865;5.673;4.946;10.239;32.071;15.395
14626;63.500;24.900;6.564;6.337;3.731;10.058;32.387;16.023
14627;64.400;23.565;7.172;7.950;5.042;9.807;31.041;15.423
14628;66.900;23.309;6.313;7.032;4.668;9.274;32.902;16.502
14713;61.600;16.134;10.661;20.188;4.207;14.960;15.535;18.314
14729;61.800;26.607;9.986;7.969;4.606;10.757;25.192;14.883
14730;58.400;25.670;10.187;6.784;4.710;10.833;26.679;15.137
15001;54.500;23.207;12.320;10.511;5.009;13.824;20.449;14.681
15002;57.700;17.825;11.354;16.993;5.183;15.616;16.066;16.962
15003;54.700;18.960;14.346;14.496;4.578;14.990;16.090;16.540
15081;56.200;24.611;14.204;8.767;4.440;16.443;17.166;14.369
15082;53.100;24.868;11.767;6.491;4.658;14.234;22.585;15.397
15083;53.500;25.586;13.821;7.519;4.783;12.686;20.420;15.186
15084;55.500;23.640;10.968;6.143;4.953;13.379;24.607;16.310
15085;53.500;26.656;13.195;9.140;4.274;14.513;17.929;14.292
15086;54.800;25.165;13.885;8.135;4.836;14.381;19.410;14.190
15087;53.700;22.504;12.133;5.278;5.081;15.262;25.294;14.449
15088;57.100;23.871;10.916;6.848;6.100;13.219;24.333;14.713
15089;50.000;24.503;12.510;6.789;5.286;14.772;21.659;14.481
15090;54.400;23.358;13.934;8.239;4.880;15.147;19.354;15.087
15091;57.600;24.683;11.923;6.823;4.081;12.896;21.822;17.772
15101;;;;;;;;
15151;;;;;;;;
15153;;;;;;;;
15154;;;;;;;;
15159;;;;;;;;
15171;;;;;;;;
15202;;;;;;;;
15256;;;;;;;;
15260;;;;;;;;
15261;;;;;;;;
15265;;;;;;;;
15266;;;;;;;;
15268;;;;;;;;
15303;;;;;;;;
15352;;;;;;;;
15355;;;;;;;;
15357;;;;;;;;
15358;;;;;;;;
15362;;;;;;;;
15363;;;;;;;;
15364;;;;;;;;
15367;;;;;;;;
15369;;;;;;;;
15370;;;;;;;;
16051;60.700;19.728;12.238;14.760;4.717;15.793;16.811;15.953
16052;56.800;18.206;9.238;7.109;4.326;17.308;29.616;14.197
16053;65.000;15.723;12.028;20.360;6.505;15.662;12.727;16.996
16054;56.500;24.855;11.384;8.353;3.242;19.538;18.442;14.186
16055;63.000;20.037;11.450;19.406;4.115;15.053;14.007;15.932
16056;59.500;20.025;12.595;10.336;4.307;14.875;20.030;17.833
16061;65.900;41.793;8.240;7.352;4.249;7.219;18.679;12.468
16062;58.900;23.162;13.336;7.483;4.465;16.106;22.318;13.130
16063;62.600;27.920;10.843;6.551;3.832;12.863;22.944;15.047
16064;59.500;26.838;11.900;6.927;4.478;12.366;23.114;14.376
16065;59.500;23.981;13.453;4.684;3.677;16.177;23.243;14.786
16066;61.200;26.053;13.262;6.979;3.945;13.171;22.258;14.332
16067;59.900;24.149;14.162;7.536;3.896;12.407;22.765;15.085
16068;61.200;27.658;9.011;6.080;4.373;13.656;24.744;14.477
16069;64.600;25.691;10.017;5.588;3.254;14.038;24.190;17.222
16070;63.400;22.560;10.201;8.394;4.190;13.652;25.227;15.775
16071;65.800;27.622;8.681;7.551;4.571;11.574;24.383;15.616
16072;57.500;26.192;9.515;6.216;3.258;14.826;26.412;13.580
16073;61.000;23.047;10.589;6.297;4.583;12.899;27.611;14.973
16074;66.100;25.774;8.994;7.218;5.238;14.246;23.153;15.377
16075;63.400;25.052;9.106;5.412;4.675;13.723;27.057;14.975
16076;64.100;27.967;9.334;5.822;4.395;12.346;25.543;14.593
16077;56.600;25.474;10.935;5.484;3.916;13.518;27.138;13.534
